64315.7765268592
62610.4064927238
63082.911724057565
63003.803001813
63629.789558202916
62664.15717897124
62875.09301219102
63602.887800598204
62527.831225848415
61717.95032839223
62736.82019798975
62477.11625104024
63187.31214074505
61683.83426631979
62806.02123075135
62827.80909410676
62474.41849269482
61632.837659193865
63470.88751555373
62570.038793182444
61107.919812549895
61306.04059286958
61482.732056716595
62314.879116953896
61167.320595688485
61298.10267985447
61748.50012499381
60656.96924784142
60289.38905901123
60737.86323873092
61140.62840596137
60662.82484905452
60480.037785420755
59432.80166703021
60691.065827962346
60325.37886882626
60906.69758532259
60738.68776167881
60525.92523725473
59671.86034403095
58914.95886621435
59886.634196289306
60394.11524457705
59851.98821084643
60264.57238168722
58935.11997906973
59075.72080806211
58471.40381676368
57993.346180041866
58192.48561367376
57970.88828259562
59017.711370292265
59365.06208419341
59775.462231220445
58211.79786508652
57270.6408819508
58301.668341507895
57714.661368008405
57766.567251633955
57598.79919998026
57715.22037355429
58142.45667179809
56945.50259811973
57368.428658007884
55254.523655121324
57235.86702161324
57560.48902124476
56901.401038288095
Inf
57389.610798564434
56976.1913291874
57161.92353582834
56240.318558559215
56252.07429190726
56550.1340998862
55650.42760520724
56414.357772029856
55990.87107186146
55465.394392151495
55148.40657566609
55258.732592647764
54532.39301644625
55653.12815244343
54970.48788237174
54471.14930665699
55462.81158834335
53850.40206428929
54927.52800004322
55248.68465976693
55053.33044859064
54719.414129190554
54840.63011051628
54344.63430611883
54292.506653902434
53894.07149915801
54349.63765602797
53514.22296792635
53208.241546447105
53313.4508368131
53209.55971733335
52370.54187706557
